8.103083927575384223e+03
3.141592653589793258e+02
1.000000000000000021e-02
1.737739434504451397e-01
6.911503837897544145e+04
1.000000000000000056e-01
1.869931990220042034e-10
6.079604047797789769e-03
7.590049345219156748e+03
1.657131456617184226e-10
7.415394574917235845e-03
4.468297727486676195e+03
2.790862675259012834e-10
7.937425972648376460e-03
3.463619371710956329e+03
1.331253644342731004e-10
8.345847466331962616e-03
5.604044818199397014e+03
1.756900923784242390e-10
8.773019964444291746e-03
4.729465628845930951e+03
2.286122211267911317e-10
8.842532009936052151e-03
3.821138675250019332e+03
2.396994724700071412e-10
9.263569306574138615e-03
4.717728770868789979e+03
2.373508280616432566e-10
9.639962631652839592e-03
4.301676707990012801e+03
2.487067164062342448e-10
1.000038409474893197e-02
3.686461027612581347e+03
3.712459027996775910e-10
9.730779824933822805e-03
3.018360822491757972e+03
2.374526783493382246e-10
1.013032679238384630e-02
3.467900835321269824e+03
1.789331150579655518e-10
1.051602706373673882e-02
3.189937099421793846e+03
1.000176145006460683e-07
-7.291570231891756348e-01
-3.992330475305901132e+02
3.031884059739771430e-10
1.059763213732718180e-02
4.012728167559886515e+03
5.405846942654630329e-10
1.099408066975171225e-02
3.715986417710405021e+03
2.059879147515903945e-10
1.137047915856058238e-02
3.787491334752332932e+03
1.235740787725495026e-10
1.169866409275233804e-02
4.604093822038775215e+03
5.987886866859067832e-10
1.145027063238465183e-02
3.822437507539276339e+03
6.338996291477895833e-10
1.184735902537925427e-02
3.725010052907099634e+03
4.075817169938842196e-10
1.222072035869309348e-02
3.754542149735008024e+03
2.340081784651343826e-10
1.252485938389542343e-02
3.060991724777717991e+03
7.576788655448009248e-10
1.229939163090753955e-02
4.029438347258919293e+03
2.213747781368824441e-09
1.269943096445959319e-02
2.541687972036151223e+03
9.797112860279641863e-10
1.308282028882014163e-02
2.027257293343851870e+03
9.779544657035833427e-11
1.344524176026197157e-02
4.312828291401135175e+03
1.303447924117793102e-09
1.315383232733430101e-02
4.391010455733581693e+03
1.040981939905376882e-08
1.355212489677598900e-02
1.433554626496477340e+03
5.964822238536787533e-09
1.393457687575184838e-02
1.016659784482113196e+03
1.346536759783020678e-10
1.429127404911293732e-02
3.514492338295041918e+03
2.839490069912597807e-09
1.400427809382735582e-02
3.045703271898166804e+03
1.497744453010615834e-08
1.440199109216489318e-02
1.504243297524545824e+03
1.171335244652685497e-08
1.478057000048380552e-02
9.778646145213627960e+02
1.670482019060075092e-10
1.513113592652958785e-02
2.748438677927309527e+03
4.618348674936232101e-09
1.484644682528129915e-02
2.888746844582160975e+03
2.347053103644882522e-08
1.524138853562696100e-02
1.510604187162791959e+03
2.188523866639826461e-08
1.562037980251662107e-02
8.918554732396370355e+02
1.816344622543596938e-10
1.596540503824591534e-02
3.094197593614418565e+03
7.781781695141053100e-09
1.568456613968769245e-02
2.667990813890905883e+03
3.412168450291474602e-08
1.608031723694245893e-02
1.547586842651650159e+03
2.594768225650105457e-08
1.646040357276204458e-02
1.051349488190007605e+03
1.019426608773098480e-09
1.681485961255464734e-02
1.409428009268512369e+03
1.004379161335493212e-08
1.652316729139319609e-02
3.115198554720395350e+03
4.966824368917687610e-08
1.692367186682193145e-02
1.596789176773090730e+03
3.382876154531913443e-08
1.730776928492902197e-02
1.114774990617594540e+03
6.340294703246432939e-09
1.766539708292357708e-02
7.898368697945749091e+02
1.257664513138747265e-08
1.736835565818610483e-02
3.442696177603825618e+03
5.841002689265124991e-08
1.777071083397123094e-02
1.772385621577816892e+03
4.557724514346140161e-08
1.815667487464506583e-02
1.143037866013371968e+03
9.117001468070499462e-09
1.851556550025069275e-02
8.794875809622592442e+02
1.813697869077559982e-08
1.821572720546647817e-02
3.350755500077194029e+03
7.693168559591333997e-08
1.862017011767213084e-02
1.773060021087471796e+03
5.197746206668796722e-08
1.900558285375393910e-02
1.191250758845580549e+03
1.042361485241620123e-08
1.936602054332415418e-02
9.317646393944294232e+02
1.727064250128158381e-08
1.906193248999943010e-02
3.895222491480449207e+03
8.248279841925239722e-08
1.946728042746916076e-02
1.733660109848112597e+03
4.916419984007916074e-08
1.985485843956440177e-02
1.170125236059040844e+03
1.046332226426509373e-08
2.021725091350410480e-02
9.315132795608783454e+02
1.718369233833448085e-08
1.990967838097660453e-02
3.518876659857777668e+03
6.703000557437861702e-08
2.031559439034143558e-02
1.672825870808100262e+03
3.618350589904482603e-08
2.070442898909146193e-02
1.191904941454532945e+03
6.918044645812229054e-09
2.107031876334209547e-02
9.746706626240113565e+02
1.793321735397125257e-08
2.075773004796344079e-02
2.585430539892631714e+03
5.650178470187585488e-08
2.116638075752186668e-02
1.396397394767932155e+03
2.758719249731401645e-08
2.155822778936393458e-02
9.788255105314717639e+02
8.391508176382703474e-09
2.192580024103676917e-02
7.204467153755809932e+02
1.306993344367888597e-08
2.160878400085015916e-02
1.995590643761542424e+03
5.180823244222199613e-08
2.201888561727177729e-02
1.064204620476923537e+03
4.957071331376904722e-08
2.241688184444286247e-02
5.177921870426412170e+02
3.583340360903867809e-09
2.278447538153419508e-02
8.166449861025687369e+02
8.855501631205767424e-09
2.246295416103563647e-02
1.622410261950344875e+03
4.632703846412914983e-08
2.287576047326685472e-02
7.632507422828655308e+02
2.544016263559806016e-07
2.329203763000003979e-02
2.071895037564891027e+02
4.410555506649084073e-09
2.364551508657425014e-02
5.909857167927946193e+02
7.388876095422898056e-09
2.331888544702759303e-02
1.228423648303245272e+03
3.811902334745182586e-08
2.373433320983254005e-02
6.312716650374619576e+02
1.290228901914522114e-07
2.417497026753536588e-02
2.372268610587772173e+02
1.370666944434223838e-10
2.450614195922002497e-02
2.556502932765046808e+03
9.499919141037346427e-09
2.417452316394988129e-02
7.351791521718166678e+02
3.023050674492183096e-08
2.459533328659005424e-02
5.153264436053715372e+02
3.245880647636908362e-08
2.502999466123528513e-02
3.574964627532555710e+02
7.871973029621470690e-09
2.503505450686892286e-02
6.506532003335889840e+02
